0.799185 0.000000
0.815346 0.001389
0.834068 0.002778
0.843127 0.004167
0.854756 0.005556
0.866234 0.006944
0.876766 0.008333
0.888870 0.009722
0.899967 0.011111
0.910926 0.012500
0.923067 0.013889
0.932838 0.015278
0.944588 0.016667
0.955339 0.018056
0.966811 0.019444
0.977608 0.020833
0.988579 0.022222
0.999377 0.023611
0.989867 0.025000
0.979322 0.026389
0.968686 0.027778
0.958297 0.029167
0.947312 0.030556
0.937780 0.031944
0.926510 0.033333
0.916376 0.034722
0.905717 0.036111
0.895318 0.037500
0.885328 0.038889
0.875171 0.040278
0.864655 0.041667
0.855067 0.043056
0.844254 0.044444
0.834371 0.045833
0.824369 0.047222
0.815424 0.048611
0.804323 0.050000
0.794572 0.051389
0.784594 0.052778
0.774823 0.054167
0.765030 0.055556
0.755186 0.056944
0.745457 0.058333
0.735770 0.059722
0.726092 0.061111
0.716171 0.062500
0.707178 0.063889
0.697954 0.065278
0.688377 0.066667
0.678856 0.068056
0.669572 0.069444
0.660439 0.070833
0.651308 0.072222
0.642193 0.073611
0.632901 0.075000
0.623847 0.076389
0.614404 0.077778
0.605575 0.079167
0.596643 0.080556
0.587529 0.081944
0.578893 0.083333
0.570615 0.084722
0.561395 0.086111
0.552501 0.087500
0.544139 0.088889
0.535208 0.090278
0.526559 0.091667
0.517949 0.093056
0.509505 0.094444
0.501040 0.095833
0.492530 0.097222
0.484523 0.098611
0.476091 0.100000
0.467364 0.101389
0.459743 0.102778
0.451299 0.104167
0.443413 0.105556
0.435145 0.106944
0.427072 0.108333
0.419034 0.109722
0.411096 0.111111
0.403058 0.112500
0.395242 0.113889
0.387599 0.115278
0.379720 0.116667
0.371843 0.118056
0.364417 0.119444
0.356375 0.120833
0.348897 0.122222
0.341674 0.123611
0.334140 0.125000
0.326478 0.126389
0.319231 0.127778
0.312051 0.129167
0.304694 0.130556
0.297655 0.131944
0.290630 0.133333
0.283269 0.134722
0.276089 0.136111
0.269080 0.137500
0.262173 0.138889
0.255333 0.140278
0.248403 0.141667
0.241263 0.143056
0.234511 0.144444
0.227569 0.145833
0.220156 0.147222
0.214435 0.148611
0.208271 0.150000
0.201546 0.151389
0.194753 0.152778
0.188594 0.154167
0.182722 0.155556
0.176281 0.156944
0.170119 0.158333
0.164000 0.159722
0.157816 0.161111
0.151881 0.162500
0.145657 0.163889
0.140073 0.165278
0.133888 0.166667
0.127941 0.168056
0.122382 0.169444
0.116616 0.170833
0.110939 0.172222
0.105558 0.173611
0.100033 0.175000
0.094475 0.176389
0.089247 0.177778
0.083794 0.179167
0.078249 0.180556
0.073031 0.181944
0.067641 0.183333
0.062526 0.184722
0.057657 0.186111
0.051795 0.187500
0.047613 0.188889
0.042803 0.190278
0.037786 0.191667
0.033258 0.193056
0.028947 0.194444
0.023556 0.195833
0.018998 0.197222
0.014686 0.198611
0.010377 0.200000
0.005815 0.201389
0.001548 0.202778
0.002762 0.204167
0.006903 0.205556
0.011296 0.206944
0.015271 0.208333
0.019162 0.209722
0.023051 0.211111
0.026864 0.212500
0.030631 0.213889
0.034186 0.215278
0.038209 0.216667
0.041892 0.218056
0.045494 0.219444
0.048849 0.220833
0.052200 0.222222
0.055393 0.223611
0.059109 0.225000
0.062123 0.226389
0.065299 0.227778
0.068551 0.229167
0.071689 0.230556
0.074524 0.231944
0.077683 0.233333
0.080678 0.234722
0.083518 0.236111
0.086013 0.237500
0.088785 0.238889
0.091830 0.240278
0.094434 0.241667
0.096241 0.243056
0.098769 0.244444
0.102588 0.245833
0.102601 0.247222
0.107618 0.248611
0.107704 0.250000
0.111869 0.251389
0.111320 0.252778
0.115684 0.254167
0.116928 0.255556
0.118135 0.256944
0.120256 0.258333
0.122645 0.259722
0.124241 0.261111
0.126052 0.262500
0.127240 0.263889
0.129067 0.265278
0.130422 0.266667
0.132069 0.268056
0.133506 0.269444
0.134645 0.270833
0.136093 0.272222
0.137068 0.273611
0.138383 0.275000
0.139286 0.276389
0.140255 0.277778
0.141368 0.279167
0.141984 0.280556
0.143306 0.281944
0.143773 0.283333
0.144550 0.284722
0.145142 0.286111
0.145620 0.287500
0.146207 0.288889
0.146709 0.290278
0.147260 0.291667
0.147391 0.293056
0.147576 0.294444
0.147822 0.295833
0.148522 0.297222
0.146596 0.298611
0.148415 0.300000
0.148247 0.301389
0.148451 0.302778
0.147900 0.304167
0.148001 0.305556
0.147385 0.306944
0.147104 0.308333
0.146757 0.309722
0.146422 0.311111
0.146171 0.312500
0.145071 0.313889
0.144437 0.315278
0.143731 0.316667
0.143097 0.318056
0.142241 0.319444
0.141277 0.320833
0.140158 0.322222
0.139440 0.323611
0.138399 0.325000
0.137243 0.326389
0.136124 0.327778
0.134635 0.329167
0.133518 0.330556
0.132496 0.331944
0.130712 0.333333
0.129028 0.334722
0.127622 0.336111
0.126246 0.337500
0.124142 0.338889
0.122703 0.340278
0.120625 0.341667
0.118836 0.343056
0.116859 0.344444
0.114744 0.345833
0.112376 0.347222
0.110241 0.348611
0.108115 0.350000
0.105629 0.351389
0.103928 0.352778
0.102200 0.354167
0.099385 0.355556
0.096836 0.356944
0.094010 0.358333
0.091408 0.359722
0.088591 0.361111
0.086225 0.362500
0.083494 0.363889
0.080536 0.365278
0.077796 0.366667
0.074254 0.368056
0.071668 0.369444
0.068444 0.370833
0.065352 0.372222
0.062042 0.373611
0.058895 0.375000
0.055588 0.376389
0.052237 0.377778
0.048974 0.379167
0.045375 0.380556
0.041940 0.381944
0.038130 0.383333
0.034412 0.384722
0.030798 0.386111
0.026869 0.387500
0.022804 0.388889
0.019203 0.390278
0.015271 0.391667
0.011086 0.393056
0.007154 0.394444
0.003263 0.395833
0.001129 0.397222
0.005527 0.398611
0.009997 0.400000
0.015351 0.401389
0.018949 0.402778
0.023641 0.404167
0.028446 0.405556
0.033131 0.406944
0.037736 0.408333
0.042789 0.409722
0.047677 0.411111
0.052618 0.412500
0.057687 0.413889
0.062910 0.415278
0.068035 0.416667
0.073248 0.418056
0.078262 0.419444
0.082884 0.420833
0.088998 0.422222
0.094553 0.423611
0.099799 0.425000
0.105556 0.426389
0.111334 0.427778
0.116809 0.429167
0.122561 0.430556
0.128302 0.431944
0.134069 0.433333
0.140165 0.434722
0.145794 0.436111
0.152490 0.437500
0.157706 0.438889
0.164000 0.440278
0.169939 0.441667
0.176107 0.443056
0.182266 0.444444
0.188894 0.445833
0.195299 0.447222
0.201520 0.448611
0.208292 0.450000
0.215664 0.451389
0.221178 0.452778
0.227960 0.454167
0.234420 0.455556
0.241369 0.456944
0.248163 0.458333
0.255227 0.459722
0.262033 0.461111
0.268976 0.462500
0.275983 0.463889
0.282930 0.465278
0.290483 0.466667
0.297500 0.468056
0.304656 0.469444
0.312041 0.470833
0.319515 0.472222
0.326480 0.473611
0.334167 0.475000
0.341299 0.476389
0.349091 0.477778
0.356458 0.479167
0.364228 0.480556
0.371864 0.481944
0.379543 0.483333
0.387339 0.484722
0.395191 0.486111
0.403058 0.487500
0.411008 0.488889
0.418718 0.490278
0.427418 0.491667
0.434115 0.493056
0.443472 0.494444
0.450629 0.495833
0.459493 0.497222
0.469768 0.498611
0.504618 0.500000
0.486519 0.501389
0.492364 0.502778
0.501185 0.504167
0.509228 0.505556
0.517961 0.506944
0.525942 0.508333
0.535446 0.509722
0.543330 0.511111
0.552684 0.512500
0.561194 0.513889
0.570111 0.515278
0.579044 0.516667
0.587967 0.518056
0.596568 0.519444
0.605671 0.520833
0.614481 0.522222
0.623749 0.523611
0.632590 0.525000
0.642202 0.526389
0.651104 0.527778
0.660442 0.529167
0.669516 0.530556
0.678668 0.531944
0.688133 0.533333
0.697818 0.534722
0.707220 0.536111
0.716745 0.537500
0.726424 0.538889
0.736154 0.540278
0.745603 0.541667
0.755403 0.543056
0.764955 0.544444
0.774943 0.545833
0.784576 0.547222
0.793524 0.548611
0.804465 0.550000
0.814398 0.551389
0.824398 0.552778
0.834357 0.554167
0.844405 0.555556
0.854469 0.556944
0.864434 0.558333
0.874896 0.559722
0.884933 0.561111
0.896161 0.562500
0.905835 0.563889
0.916134 0.565278
0.926541 0.566667
0.936955 0.568056
0.947331 0.569444
0.957956 0.570833
0.968623 0.572222
0.979206 0.573611
0.989747 0.575000
0.999460 0.576389
0.987847 0.577778
0.976837 0.579167
0.966705 0.580556
0.955917 0.581944
0.944454 0.583333
0.933704 0.584722
0.922355 0.586111
0.911023 0.587500
0.900179 0.588889
0.888755 0.590278
0.877607 0.591667
0.866343 0.593056
0.855024 0.594444
0.843553 0.595833
0.832218 0.597222
0.820332 0.598611
0.809187 0.600000
0.797705 0.601389
0.785904 0.602778
0.774360 0.604167
0.762641 0.605556
0.751071 0.606944
0.739404 0.608333
0.727772 0.609722
0.715701 0.611111
0.704108 0.612500
0.692336 0.613889
0.680376 0.615278
0.668499 0.616667
0.656536 0.618056
0.644778 0.619444
0.633039 0.620833
0.621085 0.622222
0.608824 0.623611
0.596776 0.625000
0.584938 0.626389
0.572703 0.627778
0.560692 0.629167
0.548528 0.630556
0.536341 0.631944
0.524326 0.633333
0.511596 0.634722
0.499353 0.636111
0.487063 0.637500
0.474334 0.638889
0.462463 0.640278
0.449716 0.641667
0.437396 0.643056
0.424782 0.644444
0.412357 0.645833
0.400402 0.647222
0.387934 0.648611
0.374901 0.650000
0.362017 0.651389
0.349356 0.652778
0.336695 0.654167
0.323836 0.655556
0.310957 0.656944
0.298288 0.658333
0.285296 0.659722
0.272579 0.661111
0.259250 0.662500
0.246516 0.663889
0.233879 0.665278
0.220506 0.666667
0.207709 0.668056
0.194727 0.669444
0.181738 0.670833
0.168836 0.672222
0.155790 0.673611
0.142528 0.675000
0.129580 0.676389
0.115856 0.677778
0.103324 0.679167
0.090176 0.680556
0.077283 0.681944
0.064305 0.683333
0.050604 0.684722
0.037763 0.686111
0.023722 0.687500
0.011569 0.688889
0.002171 0.690278
0.015532 0.691667
0.029303 0.693056
0.043159 0.694444
0.056636 0.695833
0.070216 0.697222
0.083938 0.698611
0.097514 0.700000
0.111598 0.701389
0.124833 0.702778
0.138444 0.704167
0.151717 0.705556
0.165528 0.706944
0.179921 0.708333
0.193543 0.709722
0.207422 0.711111
0.220931 0.712500
0.234990 0.713889
0.248543 0.715278
0.262538 0.716667
0.276298 0.718056
0.290219 0.719444
0.303706 0.720833
0.317348 0.722222
0.331310 0.723611
0.345222 0.725000
0.358808 0.726389
0.372767 0.727778
0.386376 0.729167
0.400424 0.730556
0.414234 0.731944
0.428322 0.733333
0.442000 0.734722
0.455877 0.736111
0.469615 0.737500
0.483478 0.738889
0.497470 0.740278
0.511583 0.741667
0.525164 0.743056
0.538803 0.744444
0.553636 0.745833
0.566577 0.747222
0.580574 0.748611
0.590900 0.750000
0.607922 0.751389
0.623442 0.752778
0.636063 0.754167
0.650070 0.755556
0.664308 0.756944
0.678588 0.758333
0.691958 0.759722
0.706583 0.761111
0.720161 0.762500
0.734582 0.763889
0.748212 0.765278
0.762076 0.766667
0.776285 0.768056
0.790211 0.769444
0.804448 0.770833
0.818249 0.772222
0.832328 0.773611
0.846634 0.775000
0.860513 0.776389
0.874422 0.777778
0.888485 0.779167
0.902771 0.780556
0.916409 0.781944
0.930624 0.783333
0.944958 0.784722
0.958585 0.786111
0.972798 0.787500
0.986751 0.788889
0.999216 0.790278
0.985184 0.791667
0.970866 0.793056
0.956308 0.794444
0.942021 0.795833
0.927882 0.797222
0.914349 0.798611
0.899546 0.800000
0.885186 0.801389
0.871319 0.802778
0.856948 0.804167
0.842424 0.805556
0.828371 0.806944
0.814373 0.808333
0.800190 0.809722
0.785714 0.811111
0.770835 0.812500
0.757624 0.813889
0.743222 0.815278
0.729154 0.816667
0.714598 0.818056
0.700688 0.819444
0.686530 0.820833
0.672625 0.822222
0.658130 0.823611
0.643992 0.825000
0.629770 0.826389
0.615590 0.827778
0.601646 0.829167
0.587599 0.830556
0.573333 0.831944
0.559445 0.833333
0.544826 0.834722
0.531173 0.836111
0.517436 0.837500
0.503023 0.838889
0.489148 0.840278
0.475132 0.841667
0.461162 0.843056
0.446934 0.844444
0.432898 0.845833
0.419009 0.847222
0.405031 0.848611
0.391102 0.850000
0.377163 0.851389
0.363271 0.852778
0.349338 0.854167
0.335442 0.855556
0.321572 0.856944
0.307515 0.858333
0.293738 0.859722
0.279501 0.861111
0.265522 0.862500
0.251519 0.863889
0.237630 0.865278
0.223705 0.866667
0.209932 0.868056
0.196273 0.869444
0.182478 0.870833
0.168704 0.872222
0.155039 0.873611
0.140953 0.875000
0.127183 0.876389
0.113626 0.877778
0.099705 0.879167
0.086288 0.880556
0.072465 0.881944
0.058845 0.883333
0.045151 0.884722
0.031306 0.886111
0.018185 0.887500
0.004751 0.888889
0.008968 0.890278
0.022034 0.891667
0.035132 0.893056
0.048233 0.894444
0.061548 0.895833
0.074329 0.897222
0.087884 0.898611
0.101015 0.900000
0.114375 0.901389
0.126949 0.902778
0.139912 0.904167
0.153308 0.905556
0.166012 0.906944
0.179020 0.908333
0.191971 0.909722
0.204882 0.911111
0.217722 0.912500
0.230609 0.913889
0.242554 0.915278
0.256331 0.916667
0.269240 0.918056
0.282296 0.919444
0.295811 0.920833
0.307708 0.922222
0.320679 0.923611
0.333374 0.925000
0.346162 0.926389
0.358591 0.927778
0.371354 0.929167
0.384295 0.930556
0.397038 0.931944
0.409660 0.933333
0.422289 0.934722
0.434946 0.936111
0.446855 0.937500
0.459766 0.938889
0.472690 0.940278
0.485132 0.941667
0.497817 0.943056
0.510138 0.944444
0.522752 0.945833
0.535093 0.947222
0.547781 0.948611
0.560083 0.950000
0.571918 0.951389
0.585093 0.952778
0.597606 0.954167
0.610165 0.955556
0.622507 0.956944
0.635245 0.958333
0.647364 0.959722
0.660164 0.961111
0.672271 0.962500
0.684835 0.963889
0.696955 0.965278
0.709437 0.966667
0.722477 0.968056
0.733972 0.969444
0.746569 0.970833
0.758499 0.972222
0.770835 0.973611
0.783223 0.975000
0.795058 0.976389
0.807027 0.977778
0.819442 0.979167
0.830868 0.980556
0.843955 0.981944
0.854958 0.983333
0.867495 0.984722
0.879186 0.986111
0.890922 0.987500
0.903060 0.988889
0.914078 0.990278
0.926997 0.991667
0.938206 0.993056
0.949869 0.994444
0.962006 0.995833
0.973177 0.997222
0.986156 0.998611
0.987059 1.000000
0.971122 1.001389
0.952811 1.002778
0.944830 1.004167
0.933583 1.005556
0.922486 1.006944
0.912080 1.008333
0.900851 1.009722
0.890328 1.011111
0.879390 1.012500
0.867744 1.013889
0.858253 1.015278
0.847125 1.016667
0.836623 1.018056
0.825450 1.019444
0.815225 1.020833
0.804714 1.022222
0.794231 1.023611
0.783684 1.025000
0.773146 1.026389
0.762588 1.027778
0.752303 1.029167
0.741585 1.030556
0.731397 1.031944
0.721104 1.033333
0.710888 1.034722
0.700469 1.036111
0.690129 1.037500
0.680123 1.038889
0.670000 1.040278
0.660108 1.041667
0.649739 1.043056
0.639878 1.044444
0.629930 1.045833
0.619951 1.047222
0.609888 1.048611
0.600025 1.050000
0.590168 1.051389
0.580378 1.052778
0.570540 1.054167
0.560776 1.055556
0.551048 1.056944
0.541202 1.058333
0.531464 1.059722
0.522094 1.061111
0.512024 1.062500
0.502841 1.063889
0.493556 1.065278
0.483927 1.066667
0.474477 1.068056
0.465360 1.069444
0.455922 1.070833
0.446594 1.072222
0.437395 1.073611
0.428266 1.075000
0.419008 1.076389
0.409940 1.077778
0.400716 1.079167
0.391930 1.080556
0.383057 1.081944
0.374090 1.083333
0.363790 1.084722
0.356130 1.086111
0.347429 1.087500
0.338553 1.088889
0.330046 1.090278
0.321390 1.091667
0.312775 1.093056
0.304314 1.094444
0.295712 1.095833
0.287357 1.097222
0.279129 1.098611
0.270547 1.100000
0.262659 1.101389
0.254138 1.102778
0.245811 1.104167
0.237859 1.105556
0.229680 1.106944
0.221611 1.108333
0.213585 1.109722
0.205934 1.111111
0.197735 1.112500
0.190177 1.113889
0.182269 1.115278
0.174330 1.116667
0.166482 1.118056
0.159162 1.119444
0.151474 1.120833
0.144134 1.122222
0.136380 1.123611
0.129242 1.125000
0.121865 1.126389
0.114557 1.127778
0.107456 1.129167
0.100090 1.130556
0.093162 1.131944
0.086063 1.133333
0.078961 1.134722
0.071794 1.136111
0.064868 1.137500
0.057971 1.138889
0.051308 1.140278
0.044515 1.141667
0.037625 1.143056
0.030510 1.144444
0.024088 1.145833
0.018486 1.147222
0.011860 1.148611
0.004871 1.150000
0.001351 1.151389
0.007243 1.152778
0.013422 1.154167
0.019561 1.155556
0.025701 1.156944
0.031393 1.158333
0.037486 1.159722
0.043041 1.161111
0.049356 1.162500
0.054728 1.163889
0.060822 1.165278
0.065969 1.166667
0.071656 1.168056
0.076907 1.169444
0.082424 1.170833
0.087904 1.172222
0.093280 1.173611
0.098438 1.175000
0.103789 1.176389
0.109558 1.177778
0.113972 1.179167
0.119173 1.180556
0.124295 1.181944
0.129151 1.183333
0.133777 1.184722
0.138550 1.186111
0.143476 1.187500
0.148216 1.188889
0.152774 1.190278
0.157303 1.191667
0.161837 1.193056
0.166333 1.194444
0.170637 1.195833
0.175831 1.197222
0.179708 1.198611
0.183761 1.200000
0.189441 1.201389
0.192809 1.202778
0.196110 1.204167
0.200172 1.205556
0.204291 1.206944
0.208442 1.208333
0.212324 1.209722
0.216101 1.211111
0.219980 1.212500
0.223729 1.213889
0.227425 1.215278
0.230983 1.216667
0.234669 1.218056
0.238194 1.219444
0.241361 1.220833
0.244619 1.222222
0.248132 1.223611
0.251256 1.225000
0.254360 1.226389
0.257454 1.227778
0.260575 1.229167
0.263678 1.230556
0.266498 1.231944
0.269658 1.233333
0.272326 1.234722
0.274995 1.236111
0.277857 1.237500
0.280681 1.238889
0.283154 1.240278
0.285685 1.241667
0.288048 1.243056
0.290305 1.244444
0.293443 1.245833
0.294341 1.247222
0.298341 1.248611
0.302572 1.250000
0.302733 1.251389
0.302623 1.252778
0.306492 1.254167
0.308044 1.255556
0.309138 1.256944
0.311376 1.258333
0.313993 1.259722
0.315117 1.261111
0.316778 1.262500
0.318100 1.263889
0.319984 1.265278
0.321695 1.266667
0.322728 1.268056
0.324365 1.269444
0.325601 1.270833
0.326662 1.272222
0.327725 1.273611
0.329032 1.275000
0.329822 1.276389
0.330816 1.277778
0.331877 1.279167
0.332585 1.280556
0.333619 1.281944
0.334191 1.283333
0.334926 1.284722
0.335688 1.286111
0.336233 1.287500
0.336723 1.288889
0.336995 1.290278
0.337553 1.291667
0.337634 1.293056
0.338139 1.294444
0.338464 1.295833
0.338410 1.297222
0.338110 1.298611
0.338627 1.300000
0.338600 1.301389
0.338600 1.302778
0.338519 1.304167
0.337607 1.305556
0.338016 1.306944
0.337539 1.308333
0.337226 1.309722
0.336845 1.311111
0.335184 1.312500
0.335715 1.313889
0.334979 1.315278
0.334367 1.316667
0.334013 1.318056
0.333170 1.319444
0.331878 1.320833
0.331443 1.322222
0.329959 1.323611
0.328885 1.325000
0.327811 1.326389
0.326641 1.327778
0.325021 1.329167
0.323945 1.330556
0.322801 1.331944
0.321223 1.333333
0.320836 1.334722
0.318158 1.336111
0.317007 1.337500
0.315177 1.338889
0.313378 1.340278
0.311392 1.341667
0.309508 1.343056
0.307655 1.344444
0.305832 1.345833
0.303716 1.347222
0.301523 1.348611
0.299469 1.350000
0.296780 1.351389
0.295486 1.352778
0.292694 1.354167
0.290520 1.355556
0.288300 1.356944
0.285895 1.358333
0.283374 1.359722
0.280720 1.361111
0.277941 1.362500
0.275175 1.363889
0.272352 1.365278
0.269999 1.366667
0.266400 1.368056
0.263590 1.369444
0.260680 1.370833
0.257677 1.372222
0.254451 1.373611
0.251144 1.375000
0.247754 1.376389
0.244741 1.377778
0.241800 1.379167
0.237961 1.380556
0.234684 1.381944
0.230873 1.383333
0.227458 1.384722
0.223884 1.386111
0.220048 1.387500
0.216366 1.388889
0.212316 1.390278
0.208384 1.391667
0.204364 1.393056
0.200433 1.394444
0.196609 1.395833
0.192055 1.397222
0.188217 1.398611
0.184062 1.400000
0.180228 1.401389
0.175473 1.402778
0.171085 1.404167
0.166667 1.405556
0.162138 1.406944
0.157460 1.408333
0.152711 1.409722
0.148234 1.411111
0.143470 1.412500
0.138713 1.413889
0.131231 1.415278
0.128867 1.416667
0.124357 1.418056
0.118861 1.419444
0.114512 1.420833
0.108458 1.422222
0.103352 1.423611
0.098426 1.425000
0.093247 1.426389
0.087623 1.427778
0.082430 1.429167
0.077121 1.430556
0.071557 1.431944
0.065993 1.433333
0.060351 1.434722
0.054754 1.436111
0.049699 1.437500
0.043274 1.438889
0.037346 1.440278
0.031538 1.441667
0.025568 1.443056
0.019514 1.444444
0.013464 1.445833
0.007653 1.447222
0.001555 1.448611
0.004993 1.450000
0.011822 1.451389
0.017802 1.452778
0.024355 1.454167
0.030906 1.455556
0.038107 1.456944
0.044575 1.458333
0.051140 1.459722
0.058082 1.461111
0.064780 1.462500
0.071970 1.463889
0.078850 1.465278
0.086155 1.466667
0.093064 1.468056
0.099963 1.469444
0.107416 1.470833
0.114502 1.472222
0.121681 1.473611
0.129159 1.475000
0.136436 1.476389
0.144192 1.477778
0.151387 1.479167
0.159243 1.480556
0.166749 1.481944
0.174537 1.483333
0.182139 1.484722
0.189806 1.486111
0.197999 1.487500
0.206024 1.488889
0.213167 1.490278
0.221930 1.491667
0.229308 1.493056
0.238710 1.494444
0.245178 1.495833
0.253900 1.497222
0.264841 1.498611
0.299364 1.500000
0.281339 1.501389
0.287421 1.502778
0.295785 1.504167
0.304098 1.505556
0.313173 1.506944
0.320664 1.508333
0.330526 1.509722
0.338728 1.511111
0.347860 1.512500
0.356095 1.513889
0.365430 1.515278
0.374173 1.516667
0.382986 1.518056
0.391950 1.519444
0.400815 1.520833
0.410097 1.522222
0.419197 1.523611
0.428125 1.525000
0.437395 1.526389
0.446621 1.527778
0.455855 1.529167
0.465081 1.530556
0.474614 1.531944
0.483824 1.533333
0.493206 1.534722
0.502593 1.536111
0.512370 1.537500
0.521879 1.538889
0.531637 1.540278
0.541274 1.541667
0.550739 1.543056
0.560578 1.544444
0.570352 1.545833
0.580321 1.547222
0.589336 1.548611
0.599967 1.550000
0.609936 1.551389
0.619630 1.552778
0.629919 1.554167
0.639738 1.555556
0.649973 1.556944
0.660123 1.558333
0.670206 1.559722
0.680232 1.561111
0.690450 1.562500
0.700802 1.563889
0.710982 1.565278
0.721057 1.566667
0.731342 1.568056
0.741731 1.569444
0.752263 1.570833
0.762753 1.572222
0.773389 1.573611
0.783760 1.575000
0.794207 1.576389
0.805525 1.577778
0.815845 1.579167
0.825772 1.580556
0.836823 1.581944
0.847154 1.583333
0.855880 1.584722
0.868523 1.586111
0.879457 1.587500
0.890159 1.588889
0.901098 1.590278
0.911837 1.591667
0.922688 1.593056
0.933470 1.594444
0.944632 1.595833
0.955409 1.597222
0.966226 1.598611
0.977407 1.600000
0.985213 1.601389
0.973790 1.602778
0.961880 1.604167
0.950148 1.605556
0.938416 1.606944
0.926557 1.608333
0.914919 1.609722
0.902876 1.611111
0.891228 1.612500
0.879376 1.613889
0.867386 1.615278
0.855344 1.616667
0.843210 1.618056
0.831454 1.619444
0.819251 1.620833
0.807338 1.622222
0.795090 1.623611
0.783065 1.625000
0.770955 1.626389
0.758696 1.627778
0.746426 1.629167
0.734161 1.630556
0.722095 1.631944
0.709821 1.633333
0.697380 1.634722
0.685042 1.636111
0.672558 1.637500
0.660462 1.638889
0.648144 1.640278
0.635379 1.641667
0.622695 1.643056
0.610251 1.644444
0.597613 1.645833
0.585338 1.647222
0.572793 1.648611
0.560384 1.650000
0.547548 1.651389
0.534993 1.652778
0.522545 1.654167
0.510201 1.655556
0.497593 1.656944
0.485255 1.658333
0.472512 1.659722
0.460089 1.661111
0.447571 1.662500
0.434579 1.663889
0.422371 1.665278
0.409430 1.666667
0.396647 1.668056
0.384044 1.669444
0.371594 1.670833
0.359005 1.672222
0.346185 1.673611
0.333415 1.675000
0.320860 1.676389
0.308044 1.677778
0.295061 1.679167
0.282209 1.680556
0.269557 1.681944
0.256668 1.683333
0.243659 1.684722
0.230851 1.686111
0.218228 1.687500
0.205369 1.688889
0.191998 1.690278
0.179180 1.691667
0.166094 1.693056
0.153293 1.694444
0.140264 1.695833
0.126436 1.697222
0.114214 1.698611
0.101117 1.700000
0.086595 1.701389
0.074830 1.702778
0.061377 1.704167
0.049110 1.705556
0.035730 1.706944
0.021821 1.708333
0.008965 1.709722
0.004176 1.711111
0.018017 1.712500
0.031617 1.713889
0.045428 1.715278
0.058785 1.716667
0.072602 1.718056
0.086215 1.719444
0.099844 1.720833
0.113643 1.722222
0.127162 1.723611
0.141006 1.725000
0.154856 1.726389
0.168724 1.727778
0.182426 1.729167
0.196292 1.730556
0.209913 1.731944
0.223905 1.733333
0.238015 1.734722
0.251653 1.736111
0.265470 1.737500
0.279289 1.738889
0.293685 1.740278
0.307035 1.741667
0.321410 1.743056
0.334539 1.744444
0.348905 1.745833
0.362904 1.747222
0.376649 1.748611
0.386879 1.750000
0.404212 1.751389
0.418972 1.752778
0.433013 1.754167
0.446925 1.755556
0.461184 1.756944
0.475026 1.758333
0.488772 1.759722
0.503228 1.761111
0.516863 1.762500
0.531186 1.763889
0.545290 1.765278
0.559450 1.766667
0.573563 1.768056
0.587569 1.769444
0.601613 1.770833
0.615952 1.772222
0.630038 1.773611
0.644213 1.775000
0.658278 1.776389
0.672392 1.777778
0.686527 1.779167
0.700849 1.780556
0.714615 1.781944
0.728891 1.783333
0.743488 1.784722
0.757212 1.786111
0.771520 1.787500
0.786006 1.788889
0.799942 1.790278
0.814227 1.791667
0.828769 1.793056
0.842924 1.794444
0.857143 1.795833
0.871014 1.797222
0.884301 1.798611
0.900120 1.800000
0.913837 1.801389
0.928330 1.802778
0.942466 1.804167
0.956245 1.805556
0.970655 1.806944
0.984892 1.808333
0.999175 1.809722
0.986415 1.811111
0.972755 1.812500
0.958791 1.813889
0.944736 1.815278
0.930388 1.816667
0.916567 1.818056
0.902570 1.819444
0.888545 1.820833
0.874235 1.822222
0.860786 1.823611
0.846615 1.825000
0.832389 1.826389
0.818219 1.827778
0.804417 1.829167
0.790445 1.830556
0.776095 1.831944
0.762194 1.833333
0.747942 1.834722
0.734376 1.836111
0.720778 1.837500
0.706055 1.838889
0.692257 1.840278
0.678330 1.841667
0.664444 1.843056
0.650364 1.844444
0.636533 1.845833
0.622602 1.847222
0.608516 1.848611
0.594551 1.850000
0.580610 1.851389
0.566351 1.852778
0.553190 1.854167
0.539342 1.855556
0.525233 1.856944
0.511428 1.858333
0.497573 1.859722
0.484070 1.861111
0.470102 1.862500
0.456130 1.863889
0.442392 1.865278
0.427913 1.866667
0.414344 1.868056
0.400615 1.869444
0.386715 1.870833
0.373031 1.872222
0.359147 1.873611
0.345225 1.875000
0.331281 1.876389
0.317488 1.877778
0.303698 1.879167
0.289905 1.880556
0.275875 1.881944
0.262229 1.883333
0.248418 1.884722
0.234782 1.886111
0.220954 1.887500
0.207057 1.888889
0.193558 1.890278
0.180008 1.891667
0.166090 1.893056
0.152230 1.894444
0.138957 1.895833
0.124734 1.897222
0.111338 1.898611
0.097422 1.900000
0.084050 1.901389
0.070246 1.902778
0.056671 1.904167
0.042707 1.905556
0.029347 1.906944
0.015536 1.908333
0.002297 1.909722
0.011192 1.911111
0.024356 1.912500
0.037563 1.913889
0.048980 1.915278
0.063840 1.916667
0.076952 1.918056
0.090259 1.919444
0.104099 1.920833
0.116425 1.922222
0.129565 1.923611
0.142672 1.925000
0.155584 1.926389
0.168613 1.927778
0.181590 1.929167
0.194583 1.930556
0.207695 1.931944
0.220738 1.933333
0.233725 1.934722
0.246745 1.936111
0.259255 1.937500
0.272213 1.938889
0.285367 1.940278
0.297940 1.941667
0.310977 1.943056
0.323622 1.944444
0.336556 1.945833
0.349000 1.947222
0.361731 1.948611
0.374524 1.950000
0.387203 1.951389
0.399691 1.952778
0.412190 1.954167
0.424666 1.955556
0.437197 1.956944
0.449779 1.958333
0.461930 1.959722
0.474377 1.961111
0.486953 1.962500
0.499123 1.963889
0.511852 1.965278
0.524050 1.966667
0.536075 1.968056
0.548314 1.969444
0.560402 1.970833
0.572644 1.972222
0.584758 1.973611
0.596899 1.975000
0.609029 1.976389
0.620859 1.977778
0.633015 1.979167
0.644840 1.980556
0.657031 1.981944
0.668416 1.983333
0.680968 1.984722
0.692381 1.986111
0.704089 1.987500
0.716064 1.988889
0.727477 1.990278
0.740196 1.991667
0.750697 1.993056
0.762909 1.994444
0.774446 1.995833
0.785144 1.997222
0.798262 1.998611
