17.092494 28.194303
10.962417 26.454763
9.228079 34.871462
5.570242 38.529299
2.154280 46.592703
1.248131 32.441851
4.294027 32.293756
8.674506 35.425035
9.821728 25.890870
14.290368 26.276072
16.709632 22.294724
20.822213 20.542896
21.595006 15.822175
25.845695 13.937999
37.695348 14.595780
38.546970 10.200013
35.543282 5.821827
39.919957 3.174421
32.151776 0.260700
39.045576 2.319532
24.489402 3.296924
28.517489 6.245247
24.664594 7.747882
31.846724 13.440073
21.803182 11.886800
22.657476 15.561222
17.511002 14.901474
15.864460 16.548016
23.032630 29.258498
13.673085 21.089650
13.846875 25.936820
13.798014 31.488783
10.888627 30.476482
7.990098 27.722500
7.702512 33.662597
5.994555 33.789139
4.570021 34.434335
4.480977 47.810151
2.009743 33.702855
1.275906 42.823635
0.146412 39.637282
0.858440 43.241101
1.547556 36.671142
2.777661 43.995623
2.718983 32.993615
3.394878 34.022302
4.671917 40.614879
5.529123 43.217860
3.734563 26.999964
6.211064 42.535919
5.216967 34.566727
4.077396 26.657131
4.447365 29.242617
5.450494 36.747663
5.806153 40.967132
4.277865 32.309918
3.304838 27.429688
2.666471 25.119854
3.207417 35.796939
2.039030 28.695497
1.679253 33.083483
1.471031 50.820097
0.284282 48.462701
0.869036 45.904249
1.610223 34.102375
2.931187 36.852507
3.903798 33.513382
6.042993 38.056548
6.833068 32.950626
8.797685 33.400472
9.834422 29.949273
7.998819 19.787507
12.630339 25.588360
18.279682 30.467301
20.541447 28.205535
20.238913 22.855465
18.560532 17.152066
24.632425 18.461953
25.862689 15.502420
25.466068 11.951113
31.128114 11.070044
26.830572 6.859410
32.744084 5.474614
42.970956 3.802329
44.481314 0.805482
34.859490 1.728293
30.808909 3.953826
38.275727 8.497558
28.025098 9.392083
28.623050 13.575107
31.704093 20.587035
21.623114 18.943325
19.349332 22.848826
17.907647 28.865637
11.696910 26.521788
11.121896 37.625087
5.583322 31.833858
3.137799 42.148997
0.489028 41.709129
4.551094 44.195889
6.864047 32.140309
9.017422 25.745313
17.965345 34.325783
20.884443 27.862540
16.657816 15.754659
28.065519 18.707765
28.404431 12.960678
29.573971 8.644727
35.631048 5.734061
33.903194 1.809404
42.440473 1.659068
31.970909 4.616873
30.002573 8.216126
24.196996 10.565740
20.449184 13.240798
18.493288 17.219310
17.390069 23.176371
12.977876 25.240822
8.441126 25.248856
7.881778 40.865205
2.366946 30.045529
0.498462 31.914013
4.035886 34.968470
8.431980 35.667561
14.564006 37.727122
17.810338 30.936645
19.060353 23.137804
20.109403 17.307778
26.828991 16.265387
26.454438 10.962743
28.239227 7.473371
30.371535 4.391200
38.773337 1.793102
33.475149 1.287587
29.736323 3.953659
34.617946 8.476432
23.498609 8.913867
28.564916 15.534625
19.257313 14.432669
21.402021 21.692357
12.996590 17.737937
18.320304 33.970824
8.579009 22.155518
8.324784 31.458910
4.741847 28.948135
2.560934 32.201801
0.355000 43.744541
2.416223 40.678155
5.006659 37.191499
9.393955 42.897173
9.887675 31.477434
13.087467 31.012074
10.843856 19.890671
13.196965 19.215511
18.290143 21.493551
15.691191 15.043336
17.196766 13.537761
21.089480 13.673255
25.428551 13.575805
31.488583 13.798213
29.887881 10.678559
34.232831 9.866710
25.011395 5.723132
28.613501 5.076481
46.164159 6.126969
31.783709 2.979027
44.140956 2.632329
31.474614 0.937861
52.098560 0.192568
30.136317 0.598210
44.879427 1.893857
28.909392 1.825135
25.670856 2.115470
44.324218 4.422765
36.381532 4.184907
29.868727 3.821255
29.596327 4.093655
32.649717 4.767463
42.354641 6.392342
39.278827 6.007969
32.477784 4.939397
35.326688 5.239752
35.530743 5.035696
34.443911 4.560445
37.660605 4.537553
27.785098 2.949429
36.512126 3.271569
41.173758 2.925783
34.820295 1.767488
50.819976 1.471152
40.329771 0.236669
45.904373 0.868912
41.151449 1.942929
38.317528 3.047581
24.887423 2.898903
37.189273 5.905105
37.508710 7.778086
38.584160 10.162823
35.211252 11.562033
32.250327 13.036469
35.010437 17.280691
26.934572 16.159806
28.205780 20.541203
27.733309 24.557819
20.267179 21.930978
16.709970 22.294386
12.626201 21.063781
14.464941 30.821856
12.270540 34.502745
6.257855 24.476672
5.925581 35.439528
2.826186 31.936549
0.736007 40.629102
1.641844 33.120891
4.901142 38.193236
6.646840 29.940943
9.183636 27.404147
11.182885 23.579850
12.099960 18.634567
19.315968 22.049141
18.822532 15.940203
26.041811 16.156346
27.607494 12.176200
40.360190 11.930938
30.383335 5.329263
37.026857 2.756837
42.595325 0.499053
29.386673 3.025803
32.140645 6.863711
30.043896 10.522543
31.999703 16.747280
22.294247 16.710109
17.784465 18.803318
18.113621 27.173175
11.975172 26.243527
6.285270 21.501056
5.072152 31.515630
2.055701 38.510739
1.703320 43.583476
4.386259 30.376476
9.071229 33.126929
11.854573 27.149783
15.329088 23.675268
17.640955 18.946828
24.620233 18.474145
22.249606 11.440376
31.000576 10.364533
23.293369 4.492956
35.427398 2.791300
41.549588 0.648570
37.832178 4.365980
33.456333 7.908776
26.397770 10.190013
21.381214 12.308768
22.681399 18.683710
19.134307 22.230802
